487,4
487,3
487,2
487,1
487,0
486,4
486,3
486,2
486,1
486,0
485,3
485,2
485,1
485,0
484,4
484,3
484,2
484,1
484,0
483,3
483,2
483,1
483,0
482,4
0,373
482,3
482,2
482,1
482,0
481,5
481,4
481,3
481,2
481,1
481,0
480,4
480,3
480,2
480,1
480,0
479,3
479,2
479,1
479,0
478,3
478,2
478,1
478,0
477,4
477,3
477,2
477,1
477,0
476,4
476,3
476,2
476,1
476,0
475,3
475,2
475,1
475,0
474,4
474,3
474,2
474,1
474,0
473,3
473,2
473,1
473,0
472,4
472,3
472,2
472,1
472,0
471,5
471,4
471,3
471,2
471,1
471,0
470,4
470,3
470,2
470,1
470,0
469,3
469,2
469,1
469,0
468,3
468,2
468,1
468,0
0,364
467,4
467,3
467,2
467,1
467,0
466,4
466,3
466,2
466,1
466,0
465,3
465,2
465,1
465,0
464,4
464,3
464,2
464,1
464,0
463,3
463,2
463,1
463,0
462,4
462,3
462,2
462,1
462,0
461,5
461,4
461,3
461,2
461,1
461,0
460,4
460,3
460,2
460,1
460,0
459,3
459,2
459,1
459,0
458,3
458,2
458,1
458,0
457,4
457,3
457,2
457,1
457,0
456,4
456,3
456,2
456,1
456,0
455,3
455,2
455,1
455,0
454,4
454,3
454,2
454,1
454,0
453,3
453,2
453,1
453,0
452,4
452,3
452,2
452,1
452,0
451,5
451,4
451,3
451,2
451,1
451,0
450,4
450,3
450,2
450,1
450,0
449,3
449,2
449,1
449,0
448,3
448,2
448,1
448,0
447,4
447,3
447,2
447,1
447,0
446,4
446,3
446,2
446,1
446,0
445,3
445,2
445,1
445,0
444,4
444,3
444,2
444,1
444,0
443,3
443,2
443,1
443,0
442,4
442,3
442,2
442,1
442,0
441,5
441,4
441,3
441,2
441,1
441,0
440,4
440,3
440,2
440,1
440,0
439,3
439,2
439,1
439,0
438,3
438,2
438,1
438,0
437,4
437,3
437,2
437,1
437,0
0,357
436,4
436,3
436,2
436,1
436,0
435,3
435,2
435,1
435,0
434,4
434,3
434,2
434,1
434,0
433,3
433,2
433,1
433,0
432,4
432,3
432,2
432,1
432,0
431,5
0,356
431,4
431,3
431,2
431,1
431,0
430,4
430,3
430,2
430,1
430,0
429,3
429,2
429,1
429,0
428,3
428,2
428,1
428,0
0,329
427,4
427,3
427,2
427,1
427,0
426,4
426,3
426,2
426,1
426,0
424,4
424,3
424,2
424,1
424,0
422,4
422,3
422,2
422,1
422,0
421,5
421,4
421,3
421,2
421,1
421,0
420,4
420,3
420,2
420,1
420,0
419,3
419,2
419,1
419,0
418,3
418,2
418,1
418,0
4,3
4,2
4,1
4,0
3,6
3,5
3,4
3,3
3,2
3,1
3,0
2,3
2,2
2,1
2,0
1,3
1,2
1,1
1,0
0,408
0,322
0,243
0,9
0,1
0,0
0,310
0,305
0,308
0,304
0,303
0,302
0,307
0,12
0,10
0,8
0,388
0,300
0,411
0,299
0,341
0,298
0,331
0,297
0,312
0,296
0,437
0,295
0,336
0,294
0,321
0,293
0,405
0,292
0,376
0,291
0,330
0,290
0,319
0,289
0,401
0,288
0,385
0,287
0,333
0,286
0,346
0,285
0,318
0,284
0,384
0,283
0,345
0,282
0,349
0,281
0,340
0,280
0,369
0,279
0,278
0,311
0,277
0,348
0,276
0,275
0,338
0,274
0,368
0,273
0,435
0,272
0,317
0,271
0,337
0,270
0,382
0,269
0,409
0,268
0,326
0,267
0,395
0,266
0,391
0,265
0,403
0,264
0,434
0,263
0,359
0,262
0,261
0,432
0,260
0,397
0,259
0,392
0,258
0,410
0,257
0,431
0,256
0,344
0,255
0,381
0,254
0,417
0,253
0,442
0,252
0,407
0,251
0,374
0,250
0,398
0,249
0,320
0,248
0,420
0,247
0,394
0,246
0,386
0,245
0,343
0,244
0,372
0,242
0,347
0,241
0,325
0,240
0,441
0,239
0,316
0,238
0,324
0,237
0,440
0,236
0,447
0,235
0,419
0,234
0,393
0,233
0,327
0,232
0,433
0,231
0,371
0,230
0,315
0,229
0,416
0,228
0,428
0,227
0,370
0,226
0,328
0,225
0,224
0,323
0,223
0,360
0,222
0,358
0,221
0,427
0,220
0,430
0,219
0,351
0,218
0,339
0,217
0,354
0,216
0,353
0,215
0,390
0,214
0,414
0,213
0,426
0,212
0,389
0,211
0,412
0,210
0,400
0,209
0,363
0,208
0,425
0,207
0,424
0,206
0,446
0,205
0,362
0,204
0,350
0,203
0,313
0,202
0,334
0,201
0,445
0,200
0,375
0,199
0,422
0,198
0,387
0,197
0,196
0,421
0,195
0,361
0,194
0,423
0,193
0,309
0,192
0,335
0,63
0,406
0,62
0,306
0,61
0,444
0,60
0,443
0,59
0,58
0,415
0,57
0,396
0,56
0,332
0,55
0,365
0,54
0,438
0,53
0,366
0,52
0,355
0,51
0,352
0,50
0,383
0,49
0,314
0,48
0,404
0,47
0,380
0,46
0,342
0,45
0,418
0,6
0,5
0,11
0,4
0,2
0,3
0,7
